0,000000
0,000000
0,009939
0,062118
5,749640
0,002485
0,959102
0,469612
0,091935
0,039756
0,198778
0,126721
0,159022
0,047210
0,002485
0,077026
0,022362
0,004969
0,129205
0,012424
0,077026
0,104358
0,206232
0,198778
0,134175
0,096904
0,156537
0,104358
0,009939
0,022362
0,032301
0,044725
0,007454
0,012424
0,002485
0,062118
8,448045
1,356657
4,338319
1,948020
3,013964
5,275058
1,175272
2,191522
6,666501
0,737962
3,093475
2,459872
3,886100
8,276599
8,371018
2,161706
6,045321
3,309646
5,245242
2,422601
1,264722
1,033643
0,546638
1,202604
0,864682
0,340407
1,659792
0,869652
2,357998
